703.9155967235565
608.1761457920074
568.5045347213745
543.3301228284836
524.6405721902847
511.48958945274353
499.78114062547684
487.4479631781578
478.98273515701294
469.03924775123596
463.8717942237854
457.9781548380852
449.8010924458504
446.90775167942047
442.8264426589012
437.9869158267975
433.0401971936226
428.88811576366425
424.89312422275543
421.64282631874084
418.2363134622574
415.5714328289032
411.157327234745
408.81846100091934
405.24495083093643
405.438933968544
400.56459605693817
397.384988963604
395.2629970908165
